      t = 0.010000
      m = 0.078524
         n            rho            x_0            x_1            v_0            v_1            a_0            a_1
         0       999.8042         0.5001      0.5995595   2.912887e-11     -0.0976095              0          -9.81
         1       999.8046      0.5104168      0.5999726    5.00491e-07    -0.09760934   9.256357e-05      -9.810001
         2       999.8042      0.5203799      0.6011565   4.536081e-12     -0.0976095              0          -9.81
         3       999.8042      0.5300863      0.6038956              0     -0.0976095              0          -9.81
         4       999.8042      0.5397356      0.6071137              0     -0.0976095              0          -9.81
         5       999.9049      0.5489302      0.6116749   6.345393e-06    -0.09760522   0.0006258107      -9.809578
         6       999.9049      0.5570268      0.6171331  -6.360692e-06    -0.09761379  -0.0006258107      -9.810422
         7       1000.054      0.5652372      0.6240836  -1.456661e-05    -0.09762144   -0.001433844      -9.811179
         8         1000.2      0.5727293      0.6302128   9.594773e-06    -0.09760368   0.0009215992      -9.809442
         9       999.9498      0.5788276      0.6377989   5.074293e-06    -0.09760327   0.0005122444      -9.809379
        10       1000.011      0.5851144      0.6467631   1.250018e-06    -0.09761015     0.00012176      -9.810065
        11       1000.095      0.5902804        0.65572  -5.578046e-06    -0.09762388  -0.0005449706      -9.811405
        12       1000.095      0.5937752       0.664729   5.601292e-06    -0.09759506   0.0005449706      -9.808595
        13       999.8052      0.5971577      0.6748942   8.136616e-08    -0.09760883    9.00357e-06      -9.809928
        14       999.8057      0.5983968      0.6847667  -1.426956e-07    -0.09761098   -1.53905e-05      -9.810191
        15       1000.569      0.5996716      0.6946437  -8.819647e-07    -0.09778817  -8.312478e-05      -9.826894
        16       1000.569      0.5997217      0.7041753   9.439572e-07    -0.09743007   8.951171e-05      -9.792986
        17       999.9281      0.5983468      0.7151523  -1.216087e-06     -0.0976032  -0.0001234561      -9.809357
        18       999.9281      0.5965077      0.7247247   1.253327e-06    -0.09761603   0.0001234561      -9.810643
        19       1003.205      0.5935318      0.7346251    0.001235809     -0.1004212     0.09859092      -10.03421
        20       1003.207       0.589824      0.7430638   -0.001223529    -0.09480161    -0.09707645      -9.586946
        21       999.8042      0.5853644      0.7528559              0     -0.0976095              0          -9.81
        22       999.8042      0.5786776      0.7606701  -5.998244e-08    -0.09760938  -7.312177e-06       -9.80999
        23       999.8042      0.5728293      0.7687562   7.253426e-08     -0.0976096   7.312177e-06       -9.81001
        24       1000.466      0.5652378      0.7758849   0.0001088457    -0.09768616     0.01037274      -9.817305
        25       1000.466      0.5574263      0.7813862  -0.0001088067    -0.09753288    -0.01037274      -9.802695
        26       999.8042      0.5486302      0.7870942              0     -0.0976095              0          -9.81
        27       999.8042      0.5389856      0.7910053  -2.395593e-09     -0.0976095              0          -9.81
        28       1003.623      0.5295615      0.7953187    0.004668707    -0.09845295      0.3461875      -9.863109
        29       1005.026      0.5205564      0.7971286       -0.00429    -0.09461295     -0.2975343      -9.586071
        30       999.8042      0.5102668      0.7986964   -2.45565e-09     -0.0976095              0          -9.81
        31       999.8042        0.50025      0.8000095   6.704837e-09     -0.0976095              0          -9.81
        32       1000.716      0.4895841      0.7991468   0.0001790545    -0.09752936     0.01672049      -9.802468
        33       1000.517      0.4802192      0.7973123  -0.0001821029    -0.09764415    -0.01728449      -9.813185
        34        999.807      0.4698137      0.7944734  -1.456715e-06    -0.09760992  -0.0001400016       -9.81004
        35        999.807      0.4602644      0.7917553   1.395577e-06     -0.0976091   0.0001400016       -9.80996
        36       1000.443      0.4509703      0.7866445   0.0001016204    -0.09753882    0.009677415      -9.803268
        37       1000.443      0.4431227      0.7811855  -0.0001011486    -0.09767986   -0.009634708      -9.816702
        38       999.8044      0.4350128      0.7753853  -2.738528e-07    -0.09760969  -4.270724e-05       -9.81003
        39       1000.177      0.4279206      0.7681063  -2.959577e-05    -0.09759199   -0.002876195        -9.8083
        40        1000.07      0.4208724      0.7608701  -9.221069e-06    -0.09760401  -0.0008984916      -9.809465
        41       999.8721      0.4150856      0.7519559   4.925704e-06    -0.09761154   0.0004680604      -9.810187
        42       1000.156      0.4099694       0.743549  -2.330245e-05    -0.09759785   -0.002240305       -9.80888
        43       1001.728      0.4057761      0.7339951   0.0002587986    -0.09663871     0.02261973      -9.724542
        44       1001.665      0.4029407      0.7250698  -0.0003060909    -0.09856803    -0.02739469      -9.895275
        45       999.8045      0.4010032      0.7149523  -4.033433e-08    -0.09760981  -4.396884e-06      -9.810033
        46       999.8045      0.3996783      0.7050744   5.174922e-08    -0.09760912   4.396884e-06      -9.809967
        47       999.8074      0.4003283      0.6942446   1.037129e-07    -0.09761053   1.073469e-05      -9.810104
        48       999.9452      0.4013032      0.6843667   1.070323e-06    -0.09761397   0.0001047407      -9.810437
        49        999.942      0.4033423      0.6748443  -1.186286e-06    -0.09760396  -0.0001154754      -9.809459
        50       999.8081      0.4062248       0.665129   1.043615e-06    -0.09760891   0.0001074344      -9.809951
        51       1001.121      0.4103172      0.6554688  -0.0004548605    -0.09785575    -0.04182295      -9.832642
        52       1000.876      0.4155839      0.6463624  -0.0003193517     -0.0977403    -0.02970406      -9.821804
        53        1000.03      0.4210225      0.6382987   1.843743e-05    -0.09765721     0.00142547      -9.814877
        54       999.8042      0.4277707      0.6305628   6.846012e-09    -0.09760951              0          -9.81
        55       999.8042      0.4349628      0.6232837  -7.153311e-08    -0.09760945              0          -9.81
        56         1001.5      0.4433696      0.6169355  -0.0006911565    -0.09714785    -0.06208967      -9.768522
        57         1001.5      0.4511734      0.6117225   0.0006902753    -0.09807062     0.06208967      -9.851478
        58       999.8042      0.4604644      0.6072637   1.221684e-09     -0.0976095   1.504787e-07          -9.81
        59       999.8759      0.4699637      0.6041456   2.756405e-06    -0.09761038   0.0002713565      -9.810108
        60       1000.035      0.4794701      0.6018064  -4.505102e-06    -0.09762814  -0.0004959008      -9.811796
        61       999.8042      0.4896332      0.5996226  -1.177436e-09     -0.0976095              0          -9.81
        62       1004.213      0.5002483      0.6099334   -0.000319475     -0.1024241    -0.02525443      -10.15644
        63       999.9561      0.5099781      0.6099252   0.0002487038    -0.09767907      0.0211072      -9.822783
        64       999.9271      0.5199269       0.612216   6.143701e-06    -0.09760247   0.0005990934      -9.809314
        65       999.8754      0.5293251        0.61496  -6.082063e-06    -0.09761122  -0.0005983965      -9.810164
        66       1000.077      0.5391995      0.6186723  -1.045717e-05    -0.09761537   -0.001021433      -9.810573
        67       1000.077      0.5476329      0.6234044   1.048023e-05    -0.09760362    0.001021433      -9.809427
        68       999.8048      0.5566141      0.6295446  -3.272556e-06    -0.09761275  -0.0003465415      -9.810378
        69        1001.45      0.5641371      0.6360668  -0.0004936419    -0.09821606    -0.04440383      -9.864568
        70        1001.45      0.5700674      0.6433486   0.0004958569    -0.09700066     0.04475037      -9.755054
        71       1000.011      0.5765552      0.6513266  -1.433731e-06    -0.09760873    -0.00012176      -9.809935
        72         1000.9       0.580989       0.660959   0.0003488806    -0.09779546     0.03247561      -9.826697
        73       999.8692      0.5847996      0.6699845   1.283642e-05    -0.09758992    0.001620557      -9.808298
        74       1000.761      0.5873441      0.6796317   0.0001055458    -0.09778884    0.009869791      -9.826807
        75        1000.25      0.5890842      0.6890832   2.254968e-05     -0.0975016    0.002404395      -9.799813
        76       1000.004         0.5899      0.6994095   3.745804e-08    -0.09761001   3.665952e-06       -9.81005
        77       1000.004      0.5891841      0.7090863  -3.989057e-08    -0.09760897  -3.665952e-06       -9.80995
        78       999.8042      0.5875435      0.7195864  -3.175173e-11     -0.0976095              0          -9.81
        79        999.847      0.5847995      0.7293346   3.051249e-06    -0.09761481   0.0003740467      -9.810488
        80       1000.417      0.5810376      0.7384092   8.129622e-05    -0.09756892    0.007709482      -9.805206
        81       1001.142      0.5761076      0.7469438   0.0004740051     -0.0973377     0.04337475      -9.785252
        82       1000.237      0.5699151      0.7557738   5.251148e-05    -0.09757237    0.004959329      -9.806315
        83       999.8299      0.5636896      0.7635991  -4.319379e-06    -0.09760602  -0.0004271868      -9.809656
        84       999.8299      0.5560141      0.7697743   4.292942e-06    -0.09761295    0.000427378      -9.810344
        85       1000.292      0.5478832      0.7758645   5.942761e-05    -0.09764179    0.005716799      -9.813106
        86       1000.292      0.5394492      0.7804469  -5.938536e-05    -0.09757724   -0.005716799      -9.806894
        87       999.8042      0.5299751       0.784109  -8.031308e-09     -0.0976095              0          -9.81
        88       1003.127      0.5197331      0.7877411    0.001142804    -0.09983851     0.08285222      -9.980495
        89       1001.724      0.5104189      0.7886441   -0.001521565    -0.09753362     -0.1315054      -9.810324
        90       999.8042         0.5001      0.7900095   5.278016e-09       -0.09761              0          -9.81
        91       1000.003      0.4896732      0.7894434   3.065811e-06     -0.0976552    0.000564002      -9.814348
        92       1000.968      0.4798251      0.7872536   0.0003916164    -0.09749074     0.03631759      -9.798986
        93       1000.968      0.4707729      0.7845084  -0.0003916707    -0.09772828    -0.03631759      -9.821014
        94       999.8042      0.4614005      0.7802967  -2.055689e-08    -0.09760951              0          -9.81
        95        1000.57      0.4516679      0.7754652   0.0001452425    -0.09750285     0.01375507        -9.7999
        96        1000.57      0.4439852      0.7698238  -0.0001451571    -0.09771609    -0.01375507        -9.8201
        97       1000.179      0.4362105       0.763199   2.694882e-05    -0.09762613    0.002546752      -9.811638
        98        1000.07      0.4291852      0.7559236   9.396029e-06    -0.09761509   0.0008984916      -9.810535
        99       999.8596      0.4237948      0.7473924  -4.650138e-06      -0.097607  -0.0004438328      -9.809761
       100       1000.144      0.4185129       0.739059   2.402828e-05    -0.09762228    0.002216078      -9.811171
       101       999.8678      0.4145507      0.7296345    4.77189e-05    -0.09762202    0.004774963      -9.810183
       102       999.8042      0.4119565      0.7197864  -1.955343e-09    -0.09760951              0          -9.81
       103       1000.193      0.4100659      0.7093865  -5.350156e-07    -0.09757111  -5.174009e-05      -9.806285
       104       1000.193         0.4102      0.6997593   5.362045e-07    -0.09764787   5.174009e-05      -9.813715
       105       1000.325      0.4106158      0.6891832   -1.85702e-05    -0.09751722   -0.001793757      -9.801092
       106       1000.448      0.4125066      0.6797822   1.439299e-05    -0.09768361    0.001359039       -9.81701
       107       999.9313      0.4147005      0.6702843    3.22725e-06    -0.09762863   0.0003272837      -9.811947
       108       1001.121      0.4186151      0.6599612   0.0004551845    -0.09736298     0.04182295      -9.787358
       109       1001.039       0.423746      0.6512279   0.0002269466    -0.09734982     0.02072681      -9.785875
       110       1000.192      0.4293855       0.643395   7.396621e-05    -0.09769072    0.007551789      -9.817444
       111       999.8042      0.4362604      0.6361199  -2.227182e-08    -0.09760948              0          -9.81
       112       1002.198      0.4443293      0.6292992   -0.001257702    -0.09675002     -0.1073667      -9.736889
       113        1002.12      0.4517734      0.6236996     0.00120727    -0.09852064      0.1040657       -9.88885
       114       999.8042      0.4607505      0.6185723   1.630434e-08    -0.09760951              0          -9.81
       115       999.8042      0.4700249        0.61436  -4.129635e-09     -0.0976095              0          -9.81
       116       1000.324      0.4800229      0.6115161   -4.42756e-05     -0.0975841   -0.004227552      -9.807564
       117       1000.165      0.4895734      0.6102254   4.590544e-05    -0.09761537    0.004451946      -9.810533
       118       1004.062      0.5004004      0.6190859   6.989715e-05     -0.0927256     0.00405467      -9.450773
       119       999.8195      0.5105267      0.6201903   2.397774e-06    -0.09760725    0.000275666      -9.809771
       120       999.8667      0.5202452      0.6220228  -2.921177e-06     -0.0976153  -0.0002935371      -9.810573
       121       1000.211      0.5296998      0.6251773   -3.79387e-05    -0.09762975   -0.003664344      -9.811957
       122        1000.21      0.5381905      0.6297051   3.807981e-05    -0.09758919    0.003681931      -9.808037
       123       999.8042      0.5469228      0.6346381  -1.596685e-08    -0.09760951              0          -9.81
       124       999.8296      0.5550638       0.641542  -3.185982e-06    -0.09761469  -0.0002440797      -9.810595
       125       1000.488      0.5615414      0.6489649    6.36455e-05    -0.09775093    0.006163235      -9.824032
       126       1001.519      0.5673483      0.6568405     0.00039592    -0.09815352     0.03462337      -9.858029
       127       1001.142       0.572435       0.665049  -0.0002249059     -0.0972564    -0.01960994      -9.778221
       128       999.8072      0.5757845      0.6750381  -8.054235e-07    -0.09761031  -0.0001265041      -9.810064
       129       1000.464      0.5790323      0.6844193  -0.0001269105    -0.09755924    -0.01195236      -9.805526
       130         999.95      0.5795921      0.6941364  -4.335387e-07    -0.09758715  -0.0002102067      -9.807721
       131       999.8042      0.5800921      0.7048327   2.548403e-09    -0.09760952              0          -9.81
       132       1001.749      0.5784344      0.7148946    0.000277405     -0.0986507     0.02469179      -9.902326
       133       1001.767      0.5760332      0.7239362  -0.0002459339    -0.09657874    -0.02133942      -9.719799
       134        1000.35      0.5728857      0.7333716  -8.333469e-05    -0.09765372   -0.008056184      -9.813904
       135       1001.245       0.567744       0.742574  -0.0004379292    -0.09792071    -0.03966441      -9.838396
       136       1000.364      0.5619405      0.7504035   -0.000103605    -0.09758786    -0.01044179      -9.808278
       137       999.8783      0.5543637       0.758177  -5.817073e-06    -0.09760495  -0.0006141102       -9.80952
       138       999.8813      0.5466729      0.7642308   5.829885e-06    -0.09761552   0.0005652738      -9.810588
       139       1000.134      0.5381404       0.769964   2.713197e-05    -0.09760858    0.002696774      -9.809917
       140       1000.468      0.5292003      0.7738916   6.111076e-05    -0.09761287    0.005730565       -9.81028
       141       1000.271      0.5200948      0.7769463  -7.920288e-05     -0.0975826   -0.007670257       -9.80736
       142       1000.719      0.5095782      0.7785786   0.0002972785    -0.09762702     0.02806213      -9.811633
       143       1000.953      0.5000989      0.7792596  -0.0002200436    -0.09758576     -0.0202271      -9.807784
       144       1000.046       0.490423      0.7788787  -7.687682e-05    -0.09761202   -0.007946171      -9.810212
       145       999.8042      0.4801548      0.7765962   6.402278e-09    -0.09760951   2.739595e-06      -9.809999
       146        1000.92      0.4706018      0.7736424   0.0003487495    -0.09746481     0.03242243      -9.796543
       147        1000.92      0.4618579      0.7700133  -0.0003491448    -0.09775442    -0.03242517      -9.823458
       148       1000.704      0.4525278      0.7639316   0.0001206413    -0.09746408     0.01123196       -9.79639
       149        1000.51      0.4448355      0.7582765  -0.0001395835    -0.09771281    -0.01315942      -9.819637
       150       999.8149      0.4383589      0.7508034  -2.693621e-06     -0.0976123   -0.000348357      -9.810338
       151       999.8267      0.4325538      0.7420256  -2.757421e-06    -0.09761375  -0.0002780436      -9.810429
       152       999.8267      0.4271639      0.7337719   3.966686e-06    -0.09760587   0.0002780436      -9.809571
       153       1005.313      0.4243196      0.7238377   -0.008242498    -0.09638479     -0.5177398       -9.73309
       154       1000.068       0.420967      0.7140001   5.019562e-07    -0.09759689   4.309001e-05       -9.80884
       155       1000.088      0.4206079      0.7043327  -4.539403e-07    -0.09762258   -4.92998e-05      -9.811264
       156       999.8249      0.4200579      0.6944863   6.520789e-08    -0.09760837   6.209785e-06      -9.809896
       157       999.8042       0.421717       0.684469   9.892811e-10     -0.0976095              0          -9.81
       158       999.9864      0.4241655      0.6745381   6.009101e-07    -0.09761102   5.697076e-05      -9.810143
       159       999.9873      0.4277138      0.6654972  -3.113115e-07    -0.09760781   -3.00637e-05      -9.809835
       160       999.8042      0.4326038      0.6562434  -5.963788e-08    -0.09760942              0          -9.81
       161       1000.533      0.4385084      0.6481659  -9.727426e-05    -0.09755649   -0.009206874      -9.805006
       162       1000.329      0.4450366      0.6411416   6.978064e-05    -0.09768536    0.006626563       -9.81727
       163       999.8868      0.4525275      0.6346384   5.133789e-05    -0.09755904      0.0033938       -9.80443
       164       1001.094      0.4615073      0.6290559  -0.0004630073    -0.09742896    -0.04263923      -9.793374
       165       1001.094      0.4703024      0.6256265   0.0004630368    -0.09779005     0.04263923      -9.826626
       166       1002.443       0.480445      0.6222739    -0.00186416    -0.09742098     -0.1557261      -9.796641
       167       1002.796       0.489583      0.6205363    0.001835688    -0.09837286      0.1520428      -9.875316
       168       999.8344         0.4999      0.6299595   4.452041e-06     -0.0976072   0.0004751399      -9.809368
       169       999.8313      0.5105921      0.6301055   1.422195e-06    -0.09761094   0.0001410696      -9.810146
       170        1000.07      0.5200669      0.6328274   4.342525e-07    -0.09761253   4.163255e-05      -9.810293
       171       999.8676       0.529362      0.6359281  -1.792505e-06    -0.09761013  -0.0001750036      -9.810065
       172       999.8042      0.5388237      0.6409297              0     -0.0976095              0          -9.81
       173       999.8042      0.5468623      0.6478754  -8.239565e-08    -0.09760958              0          -9.81
       174       1000.508      0.5543045      0.6552325  -0.0001537175    -0.09758649    -0.01512462      -9.807366
       175       1001.258      0.5601993      0.6629962    -0.00043965    -0.09713009    -0.03988924      -9.766832
       176       999.8042      0.5646742      0.6720822              0     -0.0976095              0          -9.81
       177       1000.162      0.5680738       0.682204  -4.111333e-06    -0.09763956  -0.0003993105      -9.812919
       178       1000.162      0.5693801      0.6917537   4.120597e-06    -0.09757938   0.0003993105      -9.807081
       179       999.8779      0.5695533      0.7023161  -6.260867e-07    -0.09760154  -6.186799e-05      -9.809214
       180       999.8779      0.5687856       0.712074    6.25627e-07    -0.09761745   6.186799e-05      -9.810786
       181       1000.487       0.566251      0.7226104   4.307031e-05    -0.09774565    0.003933525      -9.822188
       182        1000.61      0.5619037      0.7311172  -4.753748e-05    -0.09745673   -0.004553393      -9.795645
       183       1000.333      0.5566806      0.7403898   5.941643e-05    -0.09757601    0.005664503      -9.806813
       184       999.8668      0.5500932      0.7476447  -3.434715e-06    -0.09760476  -0.0002789595      -9.809496
       185       999.8071      0.5429822      0.7550143   4.645769e-07    -0.09760841   4.883637e-05      -9.809893
       186       1000.034      0.5347092      0.7609029  -4.196014e-06    -0.09762151  -0.0003329209      -9.811096
       187       999.9006      0.5254061      0.7648906  -5.004972e-06      -0.097623  -0.0004241609      -9.811346
       188       999.8046      0.5147201      0.7677348   3.712584e-06     -0.0976073   0.0007273363      -9.809853
       189       999.8123      0.5049597      0.7698227  -3.092075e-07    -0.09761322   0.0001217395      -9.810372
       190       999.8042      0.4946403      0.7689728  -3.081077e-09    -0.09760942              0          -9.81
       191       999.8616      0.4846299      0.7673351   1.020627e-05    -0.09756042    0.001983052      -9.804929
       192       1000.074      0.4751439      0.7644406   1.058046e-05    -0.09760519    0.001032381      -9.809561
       193        1000.07      0.4661407      0.7609029  -1.021331e-05    -0.09761354   -0.001001465      -9.810393
       194       1000.012       0.457168       0.755414   2.475381e-05    -0.09764945    0.002605263      -9.813697
       195       999.8042      0.4496568      0.7483947   2.164187e-10     -0.0976095              0          -9.81
       196       999.8042      0.4428697      0.7406896              0     -0.0976095              0          -9.81
       197       999.8042      0.4378961      0.7313665   3.281314e-06    -0.09760983    0.001240884      -9.810106
       198       1005.313      0.4332951      0.7225043    0.008239559    -0.09883372       0.516499      -9.886804
       199       999.9581      0.4316644      0.7118241  -5.400526e-07    -0.09761396  -5.276192e-05      -9.810436
       200       999.9581      0.4304967      0.7021661   5.373526e-07    -0.09760506   5.276192e-05      -9.809564
       201       999.8042      0.4306199      0.6921035  -3.719506e-11     -0.0976095              0          -9.81
       202       999.8042      0.4321761      0.6817542              0     -0.0976095              0          -9.81
       203        999.805      0.4351758      0.6720822  -2.662641e-07    -0.09760973  -2.690706e-05      -9.810023
       204       999.8042      0.4405985      0.6629437   4.473984e-09    -0.09760949              0          -9.81
       205       1000.014      0.4459948      0.6543325   2.711909e-05     -0.0975858    0.002506846      -9.807603
       206       999.8059      0.4532377      0.6475254  -2.709927e-07     -0.0976091  -1.940231e-05      -9.809952
       207       999.8042      0.4608763      0.6406797   -1.97227e-08    -0.09760951              0          -9.81
       208       999.8042       0.470488      0.6365281              0     -0.0976095              0          -9.81
       209       999.9948      0.4801829      0.6319783  -3.208706e-05    -0.09744676   -0.005756471      -9.794379
       210       1000.379      0.4900581      0.6301076   5.633257e-05    -0.09720073    0.008964604      -9.774296
       211       1000.272      0.5001998      0.6400092  -3.986624e-05    -0.09765884   -0.003868733       -9.81492
       212       1000.153      0.5098402      0.6401725   3.918476e-05    -0.09760982    0.003796569      -9.810119
       213       999.9844      0.5197884      0.6425369  -1.041198e-07    -0.09760626  -8.111103e-06      -9.809681
       214       999.8042      0.5289117      0.6468287  -5.736638e-08    -0.09760953              0          -9.81
       215       999.8042      0.5374432      0.6523274  -8.581415e-09    -0.09760951              0          -9.81
       216       1001.523      0.5453376      0.6603156  -0.0005363992    -0.09827139    -0.04817478      -9.869445
       217       1001.523      0.5512445      0.6676045    0.000536271    -0.09694769     0.04817478      -9.750555
       218       1000.168      0.5555733       0.677338  -1.022153e-05    -0.09763978   -0.000989503      -9.812933
       219       1000.168      0.5586534      0.6864689   1.019926e-05    -0.09757927    0.000989503      -9.807067
       220       999.8484      0.5594959       0.697313  -1.111699e-07    -0.09760574  -1.156136e-05      -9.809628
       221       999.9925       0.559214      0.7071306  -4.783822e-07    -0.09761021  -4.652509e-05      -9.810071
       222       999.9483        0.55732      0.7166789   6.148086e-07    -0.09761254   5.930319e-05      -9.810298
       223       999.9433      0.5535754      0.7260717  -2.473174e-05    -0.09762216   -0.002502394      -9.811046
       224        1000.27      0.5487395      0.7349873  -5.598482e-05    -0.09764771   -0.005385543      -9.813691
       225       999.8143      0.5410663      0.7429769  -2.468311e-06    -0.09760733  -0.0002416873      -9.809787
       226       999.8143      0.5336485      0.7495201   2.418002e-06    -0.09761163   0.0002416873      -9.810213
       227       999.8042      0.5247141      0.7544332              0     -0.0976095              0          -9.81
       228       1002.526      0.5146791      0.7577721    0.001988388    -0.09786537      0.1668295      -9.831464
       229       1002.526      0.5054779      0.7589447   -0.001987035    -0.09735375     -0.1665728      -9.788533
       230       1000.145      0.4952115      0.7588948  -3.949881e-05    -0.09733435   -0.007044673      -9.784734
       231        1001.84      0.4845368      0.7575252    0.001050863    -0.09727855      0.0918955      -9.781314
       232       1001.787      0.4757304      0.7543812    -0.00106134    -0.09798985    -0.09390947      -9.843803
       233       999.8156      0.4664515      0.7489201  -2.859224e-06    -0.09761149   -0.000285655      -9.810199
       234       999.8156      0.4583337      0.7432769   2.857946e-06    -0.09760751    0.000285655      -9.809801
       235       999.8346      0.4516102      0.7349875  -3.005638e-06    -0.09761468  -0.0002986536      -9.810515
       236       999.8346      0.4466745      0.7264718   2.931857e-06    -0.09760428   0.0002986536      -9.809485
       237       999.8319      0.4428799      0.7166789  -1.247721e-05    -0.09760721   -0.001348704      -9.810097
       238       999.8048       0.440586      0.7068306   -4.90632e-08    -0.09761006  -4.827948e-06      -9.810054
       239       999.8048      0.4397041       0.696913   4.799615e-08    -0.09760896   4.827948e-06      -9.809946
       240       1000.182      0.4413466      0.6865689  -1.672701e-05    -0.09757004   -0.001724928       -9.80628
       241        1000.26      0.4448264      0.6775877  -4.450015e-05    -0.09769732   -0.003792857      -9.819385
       242       1000.471      0.4493077      0.6680015  -0.0001164845    -0.09752667    -0.01126072      -9.802394
       243       1000.827      0.4551594       0.660368  -5.950095e-05    -0.09779866   -0.005581357      -9.827759
       244       999.8042      0.4618568      0.6527774  -9.375108e-09    -0.09760949              0          -9.81
       245       999.8042      0.4703383      0.6474787  -2.124166e-08    -0.09760949              0          -9.81
       246       999.8042      0.4799616      0.6425869              0     -0.0976095              0          -9.81
       247       999.8042        0.48966      0.6401225    3.64344e-10    -0.09760952              0          -9.81
       248       1000.761      0.5003498      0.6497588  -3.928843e-05    -0.09774697   -0.003735603       -9.82268
       249       999.9684      0.5100651       0.650133    4.09093e-05    -0.09760974    0.003981934      -9.810206
       250       1000.045      0.5198677      0.6538116  -1.650443e-05     -0.0976181   -0.001625801      -9.810852
       251       1000.211      0.5284635      0.6582713   8.624043e-06     -0.0976077   0.0008284284      -9.809828
       252       999.9703      0.5357897      0.6646612   8.223851e-06     -0.0976025   0.0007957964      -9.809332
       253       999.8042      0.5423322      0.6732113   1.088763e-08    -0.09760941   3.643373e-06      -9.809993
       254       999.8042      0.5466876      0.6821942  -4.898864e-08    -0.09760967  -8.339468e-06      -9.810041
       255       999.8042      0.5489234      0.6921381   4.538249e-11     -0.0976095              0          -9.81
       256       1000.034      0.5500858      0.7025419   1.913132e-06    -0.09762068   0.0001879984      -9.811096
       257       1000.128      0.5484538      0.7120922  -1.501689e-06    -0.09759935  -0.0001426209      -9.809018
       258       999.8984      0.5447402      0.7211292    1.51894e-06    -0.09760544   9.897404e-05      -9.809426
       259       999.9177      0.5394388      0.7299149   1.118329e-05    -0.09759706   0.0009105546      -9.808385
       260       999.8042      0.5326186      0.7373474              0     -0.0976095              0          -9.81
       261       1000.406      0.5238656      0.7436266   0.0001015374    -0.09764797    0.009700959      -9.813675
       262       1000.406      0.5149176      0.7470167  -0.0001014729    -0.09757106   -0.009700959      -9.806325
       263        1002.37      0.5046685      0.7490027    0.001926518    -0.09767282      0.1629485      -9.816334
       264       1002.711      0.4953816      0.7492519   -0.001892264    -0.09782316     -0.1568984      -9.829082
       265       999.8042      0.4847818      0.7473165  -6.721178e-09     -0.0976095              0          -9.81
       266       999.8819      0.4753349      0.7434268  -6.138544e-06    -0.09761464  -0.0006058667      -9.810507
       267       999.8819      0.4678314      0.7371474   6.130263e-06    -0.09760437   0.0006058667      -9.809493
       268        999.807      0.4607612      0.7297648   1.235499e-06    -0.09761015   0.0001272142      -9.810066
       269       1001.452      0.4553596      0.7210319  -4.338988e-05    -0.09707897   -0.004086105      -9.761901
       270       1000.878      0.4516953      0.7122899   -0.000171154    -0.09803257    -0.01628259      -9.848594
       271       999.8042      0.4501642       0.701742   6.514817e-10    -0.09760952              0          -9.81
       272       1001.744      0.4507251      0.6915436  -0.0002952848    -0.09655452    -0.02605057      -9.716112
       273       1001.838      0.4532642      0.6825391   0.0003451245    -0.09859105     0.03029813      -9.894991
       274       1000.066       0.457268      0.6735113    4.16115e-05     -0.0976106    0.004128645      -9.810627
       275       1000.407      0.4634111      0.6652116   0.0001448674    -0.09752781     0.01398037      -9.802445
       276       999.8042      0.4711366      0.6581213              0     -0.0976095              0          -9.81
       277       999.8042      0.4802822      0.6537116              0     -0.0976095              0          -9.81
       278       999.8042      0.4898351       0.650583              0     -0.0976095              0          -9.81
       279       1000.523        0.50035      0.6593104  -2.980771e-07     -0.0974333  -0.0001165026      -9.793269
       280       999.8154      0.5103976      0.6603162   3.228742e-06    -0.09760822   0.0003190067      -9.809872
       281       999.8154      0.5195701      0.6640072  -3.192816e-06    -0.09761079  -0.0003190067      -9.810128
       282       1000.168      0.5276318      0.6704006   -1.94783e-05    -0.09763461   -0.001885538      -9.812431
       283       1000.168      0.5335232      0.6780266   1.945761e-05    -0.09758431    0.001887113      -9.807557
       284       1001.901      0.5382412      0.6875425  -0.0002021973    -0.09882613    -0.01773539      -9.916711
       285       1001.901      0.5397721      0.6967542   0.0002021963    -0.09639286     0.01774009      -9.703255
       286       1001.658      0.5394436      0.7074493   0.0004094091    -0.09867364     0.03730261      -9.906547
       287       1002.192      0.5360918      0.7161946  -0.0002410315    -0.09685277    -0.02030635      -9.745271
       288       1000.452      0.5313196      0.7245079  -0.0001830598    -0.09731496    -0.01805238      -9.780261
       289       1004.397      0.5230293      0.7315176    0.003338762     -0.0980783      0.2585573      -9.838774
       290       1003.034      0.5151093      0.7362601   -0.002939987    -0.09578668     -0.2324853      -9.659584
       291       999.8042      0.5053633      0.7387441  -8.565808e-07    -0.09760931              0          -9.81
       292       1001.187      0.4946895      0.7388948   0.0005529573    -0.09747692     0.05065596      -9.797835
       293       1001.194      0.4855222      0.7366999   -0.000553025    -0.09773535    -0.05040311      -9.821452
       294       999.8083      0.4767386      0.7319202  -1.287368e-06    -0.09761072  -0.0001338719      -9.810124
       295       999.8111      0.4695295      0.7251065   8.695066e-08    -0.09760757   5.909886e-06      -9.809809
       296       1000.406      0.4638081      0.7165401   0.0002268356    -0.09771911      0.0217174      -9.819408
       297       1000.539      0.4608586      0.7067556    2.13396e-05    -0.09744561    0.002022954       -9.79444
       298       1000.539      0.4596288       0.697297  -2.130823e-05    -0.09777339   -0.002022954       -9.82556
       299       999.8888      0.4620578      0.6872988   3.540633e-06     -0.0976167   0.0003506106      -9.810715
       300       999.8889      0.4663769      0.6785265  -3.530123e-06    -0.09760239  -0.0003451169      -9.809295
       301       1000.054      0.4730678       0.670001  -6.155782e-05    -0.09756907   -0.006838191      -9.805794
       302       1001.641      0.4809758      0.6642587   -0.000784067    -0.09733288    -0.06923973      -9.785699
       303        1001.55      0.4897568      0.6609645   0.0008449588    -0.09792702      0.0761721      -9.838681
       304       999.8503         0.4997      0.6691096  -1.324268e-06     -0.0975988  -0.0001316539      -9.808798
       305       1000.398      0.5106601      0.6718185  -9.122514e-05    -0.09766253   -0.008728278      -9.815074
       306       1000.398      0.5189341      0.6766284   9.126033e-05    -0.09755645    0.008728278      -9.804926
       307       1000.014      0.5255308      0.6843095   1.479543e-06    -0.09761039   0.0001501457       -9.81009
       308       999.8042      0.5297442      0.6945001              0     -0.0976095              0          -9.81
       309       999.8042      0.5298442      0.7045689  -1.026588e-08     -0.0976095              0          -9.81
       310       1001.384       0.525684      0.7145114   0.0006319907    -0.09724937     0.05724053      -9.777382
       311       1001.168      0.5197314      0.7226839  -0.0003995324    -0.09896309    -0.02607203      -9.931642
       312       1000.007      0.5097606      0.7276503   8.461478e-07    -0.09760971   8.336542e-05      -9.810021
       313       1000.007        0.50035      0.7300095  -8.520093e-07    -0.09760929  -8.336542e-05      -9.809979
       314       999.8189      0.4894394      0.7276002  -2.396707e-06    -0.09761759  -0.0004978738      -9.810844
       315       999.8125      0.4808164      0.7227408   2.460519e-06    -0.09760815   0.0002457779      -9.809868
       316       1000.153      0.4737193      0.7144096   8.551853e-06    -0.09758252    0.000829143      -9.807384
       317       1000.153      0.4708057      0.7052188  -8.539407e-06    -0.09763644   -0.000829143      -9.812616
       318       999.9457      0.4705558      0.6938001    1.90419e-07    -0.09761004   1.636818e-05      -9.810053
       319       1000.043      0.4741692      0.6847595  -1.762257e-06    -0.09760989  -0.0001778055      -9.810036
       320       999.9635      0.4803664      0.6764282  -1.287087e-07    -0.09760837  -9.418169e-05      -9.809826
       321       999.8054      0.4899394      0.6710187   7.386007e-07    -0.09760962   7.398868e-05      -9.810009
       322       999.8072         0.5004      0.6797595   1.450781e-06    -0.09760916   0.0001443976      -9.809962
       323       999.8072           0.51       0.682289   -1.43954e-06    -0.09760988  -0.0001443976      -9.810038
       324       1000.014      0.5172205      0.6893095  -1.535071e-06    -0.09760858  -0.0001501457       -9.80991
       325       999.8042        0.52045      0.6995095              0     -0.0976095              0          -9.81
       326       1001.384      0.5175172      0.7098576  -0.0006320007    -0.09796964    -0.05724053      -9.842618
       327       999.8042         0.5096        0.71693  -9.426518e-10     -0.0976095              0          -9.81
       328       999.8042        0.49975      0.7198595   8.784226e-10    -0.09760947              0          -9.81
       329       999.8042        0.49005        0.71668  -3.593263e-09    -0.09760949              0          -9.81
       330       999.8146      0.4824295      0.7090595   -4.60395e-07    -0.09761186  -4.446034e-05      -9.810235
       331       999.9193         0.4805      0.6993595    1.92899e-06    -0.09761047   0.0001915697      -9.810092
       332       1000.004      0.4825295      0.6898095   1.071143e-06    -0.09760542   0.0001054811      -9.809599
       333       999.8042         0.4898       0.682689   -1.96351e-08    -0.09760948              0          -9.81
       334       1001.326        0.50025      0.6899054  -1.975154e-06    -0.09841211  -0.0003836814      -9.883917
       335       999.8574      0.5097108      0.6967193   4.294541e-05    -0.09761571    0.004107665      -9.810053
       336       1000.074      0.5056283      0.7073503   8.181886e-05    -0.09747574    0.007941515      -9.795904
       337        999.955      0.4946219      0.7072501  -5.616329e-05    -0.09752347   -0.005565322      -9.800835
       338       999.8067      0.4899894      0.6964193  -9.366064e-07    -0.09760934  -9.335789e-05      -9.809984
       339       1001.801      0.5002497      0.6993126  -6.741964e-05    -0.09701928   -0.006100176      -9.759291
