      t = 0.019900
      m = 0.078524
         n            rho            x_0            x_1            v_0            v_1            a_0            a_1
         0       999.8042         0.5001      0.5981076   2.912887e-11     -0.1947285              0          -9.81
         1       999.8046      0.5104168      0.5985206   1.762527e-06     -0.1947286   9.256357e-05      -9.810001
         2       999.8042      0.5203799      0.5997046   4.536081e-12     -0.1947285              0          -9.81
         3       999.8042      0.5300863      0.6024436              0     -0.1947285              0          -9.81
         4       999.8042      0.5397356      0.6056618              0     -0.1947285              0          -9.81
         5       999.9052      0.5489303       0.610223   1.239684e-05     -0.1947201   0.0006258107      -9.809578
         6       999.9052      0.5570267      0.6156811  -1.241214e-05     -0.1947369  -0.0006258107      -9.810422
         7       1000.053       0.565237      0.6226315  -2.833689e-05     -0.1947518   -0.001433844      -9.811179
         8       1000.199      0.5727295       0.628761   1.825775e-05     -0.1947174   0.0009215992      -9.809442
         9       999.9499      0.5788277      0.6363471    1.01816e-05     -0.1947162   0.0005122444      -9.809379
        10       1000.011      0.5851145      0.6453112   2.415957e-06     -0.1947298     0.00012176      -9.810065
        11       1000.094      0.5902803      0.6542679  -1.076245e-05     -0.1947562  -0.0005449706      -9.811405
        12       1000.094      0.5937753      0.6632773    1.07857e-05     -0.1947007   0.0005449706      -9.808595
        13       999.8052      0.5971577      0.6734423   1.699489e-07     -0.1947271    9.00357e-06      -9.809928
        14       999.8058      0.5983968      0.6833148  -2.973873e-07     -0.1947322   -1.53905e-05      -9.810191
        15       1000.545      0.5996716      0.6931892  -1.637793e-06     -0.1950616  -8.312478e-05      -9.826894
        16       1000.545      0.5997217       0.702726   1.765895e-06     -0.1943931   8.951171e-05      -9.792986
        17       999.9284      0.5983468      0.7137005  -2.407184e-06      -0.194716  -0.0001234561      -9.809357
        18       999.9284      0.5965077      0.7232727   2.444424e-06     -0.1947412   0.0001234561      -9.810643
        19       1002.306      0.5935479      0.7331365    0.001922063     -0.1990998     0.09859092      -10.03421
        20       1002.307       0.589808      0.7416485    -0.00189372     -0.1903774    -0.09707645      -9.586946
        21       999.8042      0.5853644       0.751404              0     -0.1947285              0          -9.81
        22       999.8042      0.5786776      0.7592182  -1.322382e-07     -0.1947283  -7.312177e-06       -9.80999
        23       999.8042      0.5728293      0.7673043     1.4479e-07     -0.1947287   7.312177e-06       -9.81001
        24        1000.45      0.5652394      0.7744319   0.0002046934     -0.1948727     0.01037274      -9.817305
        25        1000.45      0.5574247      0.7799354  -0.0002046544     -0.1945844    -0.01037274      -9.802695
        26       999.8042      0.5486302      0.7856422              0     -0.1947285              0          -9.81
        27       999.8042      0.5389856      0.7895534  -2.395593e-09     -0.1947285              0          -9.81
        28        1002.24      0.5296205      0.7938568    0.006826285     -0.1958176      0.3461875      -9.863109
        29       1003.257      0.5205036      0.7957148   -0.005953217     -0.1903007     -0.2975343      -9.586071
        30       999.8042      0.5102668      0.7972445   -2.45565e-09     -0.1947285              0          -9.81
        31       999.8042        0.50025      0.7985576   6.704837e-09     -0.1947285              0          -9.81
        32       1000.688      0.4895866      0.7976961   0.0003300103     -0.1945798     0.01672049      -9.802468
        33       1000.493      0.4802166      0.7958599  -0.0003407645     -0.1947914    -0.01728449      -9.813185
        34        999.807      0.4698137      0.7930215  -2.833803e-06     -0.1947293  -0.0001400016       -9.81004
        35        999.807      0.4602644      0.7903034   2.772665e-06     -0.1947277   0.0001400016       -9.80996
        36       1000.428      0.4509718      0.7851936    0.000191221     -0.1945955    0.009677415      -9.803268
        37       1000.428      0.4431212      0.7797325  -0.0001901798     -0.1948608   -0.009634708      -9.816702
        38       999.8044      0.4350127      0.7739334  -8.432551e-07     -0.1947291  -4.270724e-05       -9.81003
        39       1000.174      0.4279201      0.7666546  -5.686359e-05     -0.1946949   -0.002876195        -9.8083
        40       1000.069      0.4208722      0.7594183  -1.778514e-05     -0.1947179  -0.0008984916      -9.809465
        41       999.8722      0.4150857      0.7505039   9.280533e-06     -0.1947323   0.0004680604      -9.810187
        42       1000.154      0.4099691      0.7420972  -4.435167e-05     -0.1947063   -0.002240305       -9.80888
        43       1001.502      0.4057797      0.7325565   0.0004424197     -0.1930571     0.02261973      -9.724542
        44       1001.441      0.4029365      0.7236046    -0.00053495     -0.1963947    -0.02739469      -9.895275
        45       999.8045      0.4010032      0.7135003  -8.373158e-08     -0.1947291  -4.396884e-06      -9.810033
        46       999.8045      0.3996784      0.7036225   9.514646e-08     -0.1947278   4.396884e-06      -9.809967
        47       999.8074      0.4003284      0.6927926   2.131794e-07     -0.1947306   1.073469e-05      -9.810104
        48       999.9454      0.4013032      0.6829147   2.075038e-06     -0.1947371   0.0001047407      -9.810437
        49       999.9422      0.4033423      0.6733924  -2.300468e-06     -0.1947177  -0.0001154754      -9.809459
        50       999.8082      0.4062248      0.6636771   2.115258e-06     -0.1947275   0.0001074344      -9.809951
        51       1001.026      0.4103108      0.6540134  -0.0008205222     -0.1951727    -0.04182295      -9.832642
        52       1000.824      0.4155794      0.6449087  -0.0005849989     -0.1949614    -0.02970406      -9.821804
        53       1000.026      0.4210228       0.636846   2.859669e-05      -0.194824     0.00142547      -9.814877
        54       999.8042      0.4277707      0.6291109   6.846012e-09     -0.1947285              0          -9.81
        55       999.8042      0.4349628      0.6218318  -7.153311e-08     -0.1947284              0          -9.81
        56       1001.323        0.44336        0.61549   -0.001215212     -0.1939168    -0.06208967      -9.768522
        57       1001.323       0.451183      0.6102641     0.00121433     -0.1955397     0.06208967      -9.851478
        58       999.8042      0.4604644      0.6058118   2.948881e-09     -0.1947285   1.504787e-07          -9.81
        59        999.876      0.4699637      0.6026936   5.375993e-06     -0.1947306   0.0002713565      -9.810108
        60       1000.034      0.4794701      0.6003542  -9.806478e-06      -0.194764  -0.0004959008      -9.811796
        61       999.8042      0.4896332      0.5981706  -1.177436e-09     -0.1947285              0          -9.81
        62       1002.683      0.5002441      0.6084214  -0.0004936016     -0.2015943    -0.02525443      -10.15644
        63        999.944      0.5099814      0.6084718   0.0004073341     -0.1949527      0.0211072      -9.822783
        64       999.9274       0.519927      0.6107642   1.187246e-05     -0.1947149   0.0005990934      -9.809314
        65       999.8756       0.529325       0.613508  -1.188398e-05     -0.1947318  -0.0005983965      -9.810164
        66       1000.076      0.5391993      0.6172203  -2.018811e-05     -0.1947398   -0.001021433      -9.810573
        67       1000.076      0.5476331      0.6219525   2.021117e-05     -0.1947172    0.001021433      -9.809427
        68       999.8054       0.556614      0.6280927    -8.1056e-06     -0.1947371  -0.0003465415      -9.810378
        69       1001.287      0.5641302      0.6346064  -0.0008686125      -0.195796    -0.04440383      -9.864568
        70       1001.286      0.5700743      0.6419051   0.0008756605     -0.1936533     0.04475037      -9.755054
        71       1000.011      0.5765551      0.6498747  -2.599671e-06     -0.1947271    -0.00012176      -9.809935
        72        1000.84      0.5809939      0.6595045   0.0006389114     -0.1950583     0.03247561      -9.826697
        73       999.8685      0.5847998      0.6685328   3.140559e-05     -0.1946948    0.001620557      -9.808298
        74       1000.732      0.5873456      0.6781772   0.0001950244     -0.1950604    0.009869791      -9.826807
        75       1000.237      0.5890846      0.6876329    4.70617e-05     -0.1945275    0.002404395      -9.799813
        76       1000.004         0.5899      0.6979576   7.258747e-08     -0.1947295   3.665952e-06       -9.81005
        77       1000.004      0.5891841      0.7076344     -7.502e-08     -0.1947275  -3.665952e-06       -9.80995
        78       999.8042      0.5875435      0.7181345  -3.175173e-11     -0.1947285              0          -9.81
        79       999.8468      0.5847996      0.7278826   7.308197e-06     -0.1947381   0.0003740467      -9.810488
        80       1000.406      0.5810388       0.736958   0.0001533958     -0.1946367    0.007709482      -9.805206
        81       1001.043      0.5761143      0.7454957   0.0008514154     -0.1942421     0.04337475      -9.785252
        82       1000.231      0.5699159      0.7543224   9.796517e-05     -0.1946559    0.004959329      -9.806315
        83         999.83      0.5636895      0.7621473  -8.490211e-06     -0.1947217  -0.0004271868      -9.809656
        84         999.83      0.5560142      0.7683223   8.466013e-06     -0.1947353    0.000427378      -9.810344
        85       1000.285       0.547884      0.7744121    0.000112982     -0.1947899    0.005716799      -9.813106
        86       1000.285      0.5394484      0.7789954  -0.0001129398     -0.1946671   -0.005716799      -9.806894
        87       999.8042      0.5299751      0.7826571  -8.031308e-09     -0.1947285              0          -9.81
        88       1002.434      0.5197476      0.7862605    0.001689895     -0.1980864     0.08285222      -9.980495
        89       1001.417      0.5103982      0.7871927   -0.002563018     -0.1947094     -0.1315054      -9.810324
        90       999.8042         0.5001      0.7885576   5.278016e-09      -0.194729              0          -9.81
        91       999.9993      0.4896733      0.7879908   1.077167e-05     -0.1948145    0.000564002      -9.814348
        92       1000.898      0.4798307      0.7858034   0.0007134765     -0.1945121     0.03631759      -9.798986
        93       1000.898      0.4707673      0.7830548  -0.0007135308     -0.1949449    -0.03631759      -9.821014
        94       999.8042      0.4614005      0.7788448  -2.055689e-08     -0.1947285              0          -9.81
        95       1000.546      0.4516699      0.7740148   0.0002712855     -0.1945293     0.01375507        -9.7999
        96       1000.546      0.4439831      0.7683703  -0.0002712001     -0.1949276    -0.01375507        -9.8201
        97       1000.177      0.4362109      0.7617469   5.043257e-05     -0.1947609    0.002546752      -9.811638
        98       1000.069      0.4291854      0.7544715    1.79601e-05     -0.1947392   0.0008984916      -9.810535
        99       999.8597      0.4237947      0.7459405  -8.814355e-06     -0.1947238  -0.0004438328      -9.809761
       100       1000.142      0.4185133      0.7376069   4.488689e-05     -0.1947523    0.002216078      -9.811171
       101       999.8646      0.4145514      0.7281825   9.295687e-05      -0.194734    0.004774963      -9.810183
       102       999.8042      0.4119565      0.7183345  -1.955343e-09     -0.1947285              0          -9.81
       103        1000.19      0.4100659      0.7079351  -1.023446e-06      -0.194655  -5.174009e-05      -9.806285
       104        1000.19         0.4102      0.6983068   1.024635e-06     -0.1948019   5.174009e-05      -9.813715
       105       1000.316      0.4106155      0.6877326   -3.54447e-05     -0.1945525   -0.001793757      -9.801092
       106       1000.441      0.4125068      0.6783292   2.686642e-05     -0.1948671    0.001359039       -9.81701
       107       999.9324      0.4147006      0.6688321   6.556674e-06     -0.1947673   0.0003272837      -9.811947
       108       1001.026      0.4186216      0.6585128   0.0008208462      -0.194284     0.04182295      -9.787358
       109       1000.982      0.4237492      0.6497797   0.0004084925      -0.194253     0.02072681      -9.785875
       110       1000.185      0.4293866      0.6419419   0.0001479083     -0.1948757    0.007551789      -9.817444
       111       999.8042      0.4362604       0.634668  -2.227182e-08     -0.1947285              0          -9.81
       112       1001.813      0.4443123      0.6278588   -0.002095258     -0.1933014     -0.1073667      -9.736889
       113       1001.744      0.4517898      0.6222352      0.0020286     -0.1962648      0.1040657       -9.88885
       114       999.8042      0.4607505      0.6171204   1.630434e-08     -0.1947285              0          -9.81
       115       999.8042      0.4700249      0.6129081  -4.129635e-09     -0.1947285              0          -9.81
       116       1000.319      0.4800223      0.6100646  -8.366523e-05     -0.1946803   -0.004227552      -9.807564
       117       1000.161      0.4895741      0.6087734   8.797512e-05     -0.1947391    0.004451946      -9.810533
       118       1002.543      0.5004012      0.6176954   8.413138e-05     -0.1876384     0.00405467      -9.450773
       119       999.8195      0.5105267      0.6187384   5.092581e-06      -0.194724    0.000275666      -9.809771
       120       999.8669      0.5202451      0.6205708  -5.771423e-06     -0.1947398  -0.0002935371      -9.810573
       121       1000.207      0.5296992      0.6237251  -7.242709e-05     -0.1947672   -0.003664344      -9.811957
       122       1000.207       0.538191      0.6282534   7.279546e-05     -0.1946897    0.003681931      -9.808037
       123       999.8042      0.5469228      0.6331862  -1.596685e-08     -0.1947285              0          -9.81
       124         999.83      0.5550637        0.64009  -5.111026e-06     -0.1947405  -0.0002440797      -9.810595
       125       1000.474      0.5615423      0.6475109    0.000121328     -0.1950042    0.006163235      -9.824032
       126       1001.386      0.5673537      0.6553811   0.0006816996      -0.195674     0.03462337      -9.858029
       127       1001.067      0.5724319       0.663602  -0.0003885315     -0.1941013    -0.01960994      -9.778221
       128       999.8072      0.5757845      0.6735862  -2.441175e-06     -0.1947298  -0.0001265041      -9.810064
       129       1000.448      0.5790305       0.682968  -0.0002359783     -0.1946398    -0.01195236      -9.805526
       130       999.9504      0.5795921      0.6926848  -3.962081e-06     -0.1946837  -0.0002102067      -9.807721
       131       999.8042      0.5800921      0.7033808   2.548403e-09     -0.1947285              0          -9.81
       132       1001.506      0.5784383      0.7134283   0.0004821679     -0.1965319     0.02469179      -9.902326
       133       1001.526      0.5760299      0.7224984  -0.0004165128     -0.1929665    -0.02133942      -9.719799
       134       1000.342      0.5728845      0.7319191  -0.0001593243     -0.1948047   -0.008056184      -9.813904
       135       1001.145      0.5677378      0.7411177  -0.0007788979     -0.1952868    -0.03966441      -9.838396
       136       1000.356       0.561939      0.7489519  -0.0002049207     -0.1946943    -0.01044179      -9.808278
       137       999.8785      0.5543637      0.7567252  -1.177727e-05     -0.1947193  -0.0006141102       -9.80952
       138       999.8815      0.5466729      0.7627788    1.12887e-05     -0.1947402   0.0005652738      -9.810588
       139       1000.134      0.5381408      0.7685121   5.359908e-05      -0.194727    0.002696774      -9.809917
       140       1000.461      0.5292012      0.7724396   0.0001133781      -0.194734    0.005730565       -9.81028
       141       1000.264      0.5200936      0.7754948  -0.0001516203     -0.1946764   -0.007670257       -9.80736
       142        1000.68      0.5095824      0.7771264     0.00055317     -0.1947607     0.02806213      -9.811633
       143       1000.919      0.5000958       0.777808  -0.0003986368     -0.1946848     -0.0202271      -9.807784
       144        1000.05      0.4904218      0.7774267  -0.0001566174     -0.1947327   -0.007946171      -9.810212
       145       999.8042      0.4801548      0.7751442   1.804984e-07     -0.1947284   2.739595e-06      -9.809999
       146       1000.857      0.4706068      0.7721925   0.0006371349     -0.1944641     0.03242243      -9.796543
       147       1000.857       0.461853      0.7685593  -0.0006377043     -0.1949932    -0.03242517      -9.823458
       148       1000.679      0.4525295      0.7624818    0.000222193     -0.1944594     0.01123196       -9.79639
       149       1000.489      0.4448335      0.7568231   -0.000259651     -0.1949188    -0.01315942      -9.819637
       150       999.8156      0.4383589      0.7493514  -6.794897e-06     -0.1947351   -0.000348357      -9.810338
       151       999.8268      0.4325537      0.7405736    -5.4741e-06     -0.1947369  -0.0002780436      -9.810429
       152       999.8268      0.4271639        0.73232   6.683365e-06     -0.1947207   0.0002780436      -9.809571
       153       1002.592      0.4242217      0.7224003    -0.01071475     -0.1931366     -0.5177398       -9.73309
       154       1000.067       0.420967      0.7125483   9.117188e-07     -0.1947049   4.309001e-05       -9.80884
       155       1000.088      0.4206079      0.7028806  -9.218923e-07     -0.1947536   -4.92998e-05      -9.811264
       156       999.8249      0.4200579      0.6930344   1.233973e-07     -0.1947264   6.209785e-06      -9.809896
       157       999.8042       0.421717      0.6830171   9.892811e-10     -0.1947285              0          -9.81
       158       999.9865      0.4241655      0.6730862   1.151307e-06     -0.1947314   5.697076e-05      -9.810143
       159       999.9874      0.4277138      0.6640453    -5.9524e-07     -0.1947252   -3.00637e-05      -9.809835
       160       999.8042      0.4326038      0.6547914  -5.963788e-08     -0.1947284              0          -9.81
       161       1000.519       0.438507      0.6467147  -0.0001820032     -0.1946298   -0.009206874      -9.805006
       162       1000.318      0.4450376      0.6396886   0.0001308909     -0.1948721    0.006626563       -9.81727
       163       999.8779      0.4525281      0.6331872   6.862375e-05     -0.1946227      0.0033938       -9.80443
       164       1001.003      0.4615008      0.6276065  -0.0008367359     -0.1944022    -0.04263923      -9.793374
       165       1001.003      0.4703089       0.624172   0.0008367654     -0.1950548     0.04263923      -9.826626
       166       1001.967      0.4804201      0.6208243   -0.003040845     -0.1944639     -0.1557261      -9.796641
       167       1002.266      0.4896075      0.6190741    0.002973815     -0.1960045      0.1520428      -9.875316
       168       999.8349      0.4999001      0.6285076   9.472959e-06     -0.1947176   0.0004751399      -9.809368
       169       999.8313      0.5105921      0.6286535   2.818249e-06     -0.1947314   0.0001410696      -9.810146
       170        1000.07      0.5200669      0.6313755   8.262678e-07     -0.1947343   4.163255e-05      -9.810293
       171       999.8676      0.5293619      0.6344762  -3.505849e-06     -0.1947298  -0.0001750036      -9.810065
       172       999.8042      0.5388237      0.6394777              0     -0.1947285              0          -9.81
       173       999.8042      0.5468623      0.6464235  -8.239565e-08     -0.1947286              0          -9.81
       174       1000.489      0.5543023      0.6537809   -0.000297197     -0.1946774    -0.01512462      -9.807366
       175       1001.136      0.5601931      0.6615509  -0.0007824404       -0.19388    -0.03988924      -9.766832
       176       999.8042      0.5646742      0.6706302              0     -0.1947285              0          -9.81
       177       1000.159      0.5680738      0.6807516  -7.890084e-06     -0.1947862  -0.0003993105      -9.812919
       178       1000.159      0.5693801      0.6903022   7.899348e-06     -0.1946708   0.0003993105      -9.807081
       179       999.8781      0.5695533      0.7008643  -1.226076e-06     -0.1947129  -6.186799e-05      -9.809214
       180       999.8781      0.5687856       0.710622   1.225616e-06     -0.1947441   6.186799e-05      -9.810786
       181        1000.47      0.5662516      0.7211566   7.827281e-05     -0.1949707    0.003933525      -9.822188
       182        1000.59       0.561903      0.7296675   -8.94222e-05     -0.1944444   -0.004553393      -9.795645
       183       1000.326      0.5566814      0.7389383   0.0001120127     -0.1946655    0.005664503      -9.806813
       184       999.8666      0.5500932      0.7461929  -5.575439e-06     -0.1947186  -0.0002789595      -9.809496
       185       999.8071      0.5429822      0.7535623   9.659582e-07     -0.1947264   4.883637e-05      -9.809893
       186       1000.033      0.5347092      0.7594508  -7.028985e-06     -0.1947512  -0.0003329209      -9.811096
       187          999.9      0.5254061      0.7634384  -8.488998e-06     -0.1947551  -0.0004241609      -9.811346
       188       999.8045      0.5147202      0.7662829   1.298513e-05     -0.1947255   0.0007273363      -9.809853
       189       999.8118      0.5049597      0.7683708   2.243872e-06     -0.1947358   0.0001217395      -9.810372
       190       999.8042      0.4946403      0.7675208  -3.081077e-09     -0.1947284              0          -9.81
       191       999.8648      0.4846301      0.7658839   3.722421e-05     -0.1946298    0.001983052      -9.804929
       192       1000.073       0.475144      0.7629888    2.04777e-05     -0.1947198    0.001032381      -9.809561
       193       1000.069      0.4661405       0.759451  -1.975166e-05     -0.1947363   -0.001001465      -9.810393
       194       1000.008      0.4571683      0.7539616   5.115492e-05     -0.1948017    0.002605263      -9.813697
       195       999.8042      0.4496568      0.7469428   2.164187e-10     -0.1947285              0          -9.81
       196       999.8042      0.4428697      0.7392377              0     -0.1947285              0          -9.81
       197       999.8049      0.4378962      0.7299145   3.385216e-05     -0.1947311    0.001240884      -9.810106
       198       1002.593      0.4333928      0.7210379     0.01068124     -0.1963176       0.516499      -9.886804
       199       999.9583      0.4316644      0.7103721  -1.047692e-06     -0.1947372  -5.276192e-05      -9.810436
       200       999.9583      0.4304967      0.7007142   1.044992e-06     -0.1947199   5.276192e-05      -9.809564
       201       999.8042      0.4306199      0.6906516  -3.719506e-11     -0.1947285              0          -9.81
       202       999.8042      0.4321761      0.6803022              0     -0.1947285              0          -9.81
       203        999.805      0.4351758      0.6706302   -5.32733e-07      -0.194729  -2.690706e-05      -9.810023
       204       999.8042      0.4405985      0.6614917   4.473984e-09     -0.1947285              0          -9.81
       205       1000.012      0.4459952      0.6528809   4.980301e-05     -0.1946812    0.002506846      -9.807603
       206       999.8059      0.4532377      0.6460735  -3.954617e-07     -0.1947276  -1.940231e-05      -9.809952
       207       999.8042      0.4608763      0.6392277   -1.97227e-08     -0.1947285              0          -9.81
       208       999.8042       0.470488      0.6350762              0     -0.1947285              0          -9.81
       209        999.996      0.4801823      0.6305287  -0.0001062318     -0.1944256   -0.005756471      -9.794379
       210       1000.325      0.4900592      0.6286613   0.0001640141     -0.1940319    0.008964604      -9.774296
       211        1000.27      0.5001992      0.6385566  -7.653243e-05     -0.1948263   -0.003868733       -9.81492
       212       1000.149      0.5098408      0.6387206   7.516581e-05     -0.1947308    0.003796569      -9.810119
       213       999.9843      0.5197884       0.641085  -1.774942e-07     -0.1947222  -8.111103e-06      -9.809681
       214       999.8042      0.5289117      0.6453767  -5.736638e-08     -0.1947285              0          -9.81
       215       999.8042      0.5374432      0.6508754  -8.581415e-09     -0.1947285              0          -9.81
       216       1001.341      0.5453301      0.6588545  -0.0009420999      -0.195891    -0.04817478      -9.869445
       217       1001.341       0.551252      0.6661618   0.0009419716     -0.1935661     0.04817478      -9.750555
       218       1000.165      0.5555731      0.6758856  -1.958078e-05     -0.1947865   -0.000989503      -9.812933
       219       1000.165      0.5586535      0.6850174   1.955851e-05     -0.1946705    0.000989503      -9.807067
       220       999.8484      0.5594959      0.6958612    -2.2853e-07     -0.1947211  -1.156136e-05      -9.809628
       221       999.9926       0.559214      0.7056786  -9.220403e-07     -0.1947299  -4.652509e-05      -9.810071
       222       999.9484        0.55732      0.7152269   1.186186e-06     -0.1947345   5.930319e-05      -9.810298
       223       999.9418      0.5535751      0.7246196  -4.924557e-05     -0.1947494   -0.002502394      -9.811046
       224       1000.263      0.5487387      0.7335348  -0.0001064404     -0.1948014   -0.005385543      -9.813691
       225       999.8143      0.5410663       0.741525  -4.837403e-06     -0.1947242  -0.0002416873      -9.809787
       226       999.8143      0.5336485      0.7480681   4.787093e-06     -0.1947327   0.0002416873      -9.810213
       227       999.8042      0.5247141      0.7529813              0     -0.1947285              0          -9.81
       228       1001.989      0.5147058      0.7563168    0.003248527     -0.1951464      0.1668295      -9.831464
       229       1001.989      0.5054513      0.7574962    -0.00324339     -0.1943105     -0.1665728      -9.788533
       230       1000.127      0.4952107      0.7574467  -0.0001289193      -0.194237   -0.007044673      -9.784734
       231       1001.587      0.4845512      0.7560778    0.001795915     -0.1941683      0.0918955      -9.781314
       232        1001.53      0.4757158      0.7529241   -0.001833768     -0.1953883    -0.09390947      -9.843803
       233       999.8157      0.4664515      0.7474681  -5.658045e-06     -0.1947324   -0.000285655      -9.810199
       234       999.8157      0.4583337       0.741825   5.656768e-06     -0.1947246    0.000285655      -9.809801
       235       999.8347      0.4516101      0.7335355   -5.91928e-06     -0.1947387  -0.0002986536      -9.810515
       236       999.8347      0.4466745      0.7250199   5.845498e-06     -0.1947183   0.0002986536      -9.809485
       237       999.8316      0.4428797       0.715227  -2.629293e-05       -0.19473   -0.001348704      -9.810097
       238       999.8048       0.440586      0.7053786   -9.66732e-08     -0.1947296  -4.827948e-06      -9.810054
       239       999.8048      0.4397041      0.6954611   9.560615e-08     -0.1947274   4.827948e-06      -9.809946
       240       1000.177      0.4413464      0.6851176  -3.389944e-05      -0.194655   -0.001724928       -9.80628
       241       1000.257      0.4448258      0.6761344  -7.581076e-05     -0.1949115   -0.003792857      -9.819385
       242       1000.457       0.449306      0.6665507  -0.0002222231     -0.1945782    -0.01126072      -9.802394
       243       1000.798      0.4551585      0.6589134  -0.0001100307     -0.1950794   -0.005581357      -9.827759
       244       999.8042      0.4618568      0.6513254  -9.375108e-09     -0.1947285              0          -9.81
       245       999.8042      0.4703383      0.6460267  -2.124166e-08     -0.1947285              0          -9.81
       246       999.8042      0.4799616      0.6411349              0     -0.1947285              0          -9.81
       247       999.8042        0.48966      0.6386706    3.64344e-10     -0.1947285              0          -9.81
       248       1000.741      0.5003492      0.6483049  -7.385453e-05     -0.1949792   -0.003735603       -9.82268
       249       999.9663      0.5100657      0.6486811   7.860848e-05     -0.1947323    0.003981934      -9.810206
       250       1000.044      0.5198675      0.6523595  -3.216018e-05     -0.1947453   -0.001625801      -9.810852
       251        1000.21      0.5284636      0.6568194   1.640615e-05     -0.1947251   0.0008284284      -9.809828
       252       999.9702      0.5357898      0.6632094   1.604912e-05      -0.194715   0.0007957964      -9.809332
       253       999.8042      0.5423322      0.6717594   4.682723e-08     -0.1947283   3.643373e-06      -9.809993
       254       999.8042      0.5466876      0.6807423  -2.153491e-07     -0.1947298  -8.339468e-06      -9.810041
       255       999.8042      0.5489234      0.6906862   4.538249e-11     -0.1947285              0          -9.81
       256       1000.034      0.5500859      0.7010898   3.717314e-06     -0.1947502   0.0001879984      -9.811096
       257       1000.127      0.5484538      0.7106404  -2.834062e-06      -0.194709  -0.0001426209      -9.809018
       258       999.8986      0.5447403      0.7196774    2.08884e-06     -0.1947175   9.897404e-05      -9.809426
       259       999.9177       0.539439      0.7284631   1.834898e-05     -0.1946966   0.0009105546      -9.808385
       260       999.8042      0.5326186      0.7358955              0     -0.1947285              0          -9.81
       261       1000.393      0.5238671      0.7421742   0.0001916068     -0.1948011    0.009700959      -9.813675
       262       1000.393      0.5149162      0.7455653  -0.0001915423     -0.1946559   -0.009700959      -9.806325
       263       1001.877      0.5046944      0.7475498     0.00317535     -0.1948495      0.1629485      -9.816334
       264         1002.2      0.4953564       0.747797   -0.003064844     -0.1951018     -0.1568984      -9.829082
       265       999.8042      0.4847818      0.7458645  -6.721178e-09     -0.1947285              0          -9.81
       266       999.8821      0.4753348      0.7419748   -1.20115e-05     -0.1947386  -0.0006058667      -9.810507
       267       999.8821      0.4678315      0.7356956   1.200322e-05     -0.1947185   0.0006058667      -9.809493
       268        999.807      0.4607612      0.7283129   2.491234e-06     -0.1947298   0.0001272142      -9.810066
       269       1001.348      0.4553589      0.7195875  -8.096233e-05     -0.1937816   -0.004086105      -9.761901
       270       1000.803      0.4516928      0.7108321  -0.0003188751     -0.1954873    -0.01628259      -9.848594
       271       999.8042      0.4501642        0.70029   6.514817e-10     -0.1947285              0          -9.81
       272       1001.502       0.450721      0.6901062  -0.0005093935      -0.192894    -0.02605057      -9.716112
       273       1001.603      0.4532689      0.6810738   0.0005931603     -0.1963903     0.03029813      -9.894991
       274       1000.069      0.4572686      0.6720593    8.17647e-05      -0.194741    0.004128645      -9.810627
       275       1000.389      0.4634132      0.6637608   0.0002755291     -0.1945792     0.01398037      -9.802445
       276       999.8042      0.4711366      0.6566694              0     -0.1947285              0          -9.81
       277       999.8042      0.4802822      0.6522597              0     -0.1947285              0          -9.81
       278       999.8042      0.4898351      0.6491311              0     -0.1947285              0          -9.81
       279       1000.505        0.50035       0.657861  -2.176688e-06      -0.194398  -0.0001165026      -9.793269
       280       999.8154      0.5103977      0.6588643   6.354564e-06      -0.194726   0.0003190067      -9.809872
       281       999.8154      0.5195701      0.6625553  -6.318637e-06      -0.194731  -0.0003190067      -9.810128
       282       1000.165      0.5276315      0.6689483   -3.72807e-05     -0.1947766   -0.001885538      -9.812431
       283       1000.165      0.5335235       0.676575   3.730838e-05     -0.1946802    0.001887113      -9.807557
       284       1001.609      0.5382384      0.6860739  -0.0003459008     -0.1968096    -0.01773539      -9.916711
       285       1001.609      0.5397749       0.695319   0.0003460302     -0.1926464     0.01774009      -9.703255
       286       1001.443      0.5394493      0.7059825   0.0007297007     -0.1966178     0.03730261      -9.906547
       287       1001.998      0.5360886       0.714753  -0.0003958468     -0.1934628    -0.02030635      -9.745271
       288       1000.472      0.5313169      0.7230604  -0.0003567538     -0.1941431    -0.01805238      -9.780261
       289       1003.288      0.5230724      0.7300602    0.005079475     -0.1953014      0.2585573      -9.838774
       290       1002.116      0.5150711      0.7348324   -0.004545052     -0.1918095     -0.2324853      -9.659584
       291       999.8042      0.5053633      0.7372922  -8.565808e-07     -0.1947283              0          -9.81
       292       1001.079      0.4946973      0.7374447    0.000993349       -0.19449     0.05065596      -9.797835
       293       1001.086      0.4855144      0.7352462  -0.0009884541     -0.1949531    -0.05040311      -9.821452
       294       999.8083      0.4767386      0.7304682  -2.911455e-06      -0.194731  -0.0001338719      -9.810124
       295       999.8111      0.4695295      0.7236546   1.436776e-07     -0.1947247   5.909886e-06      -9.809809
       296       1000.376      0.4638113      0.7150867   0.0004259449     -0.1949149      0.0217174      -9.819408
       297       1000.517      0.4608589       0.705306   3.992405e-05     -0.1944217    0.002022954       -9.79444
       298       1000.517      0.4596285      0.6958428  -3.989267e-05     -0.1950353   -0.002022954       -9.82556
       299       999.8891      0.4620578      0.6858467   6.914349e-06     -0.1947426   0.0003506106      -9.810715
       300       999.8892      0.4663768      0.6770746  -6.870791e-06     -0.1947146  -0.0003451169      -9.809295
       301       1000.065      0.4730668      0.6685496  -0.0001346018     -0.1946454   -0.006838191      -9.805794
       302       1001.466       0.480965      0.6628105    -0.00135495     -0.1942534    -0.06923973      -9.785699
       303       1001.364      0.4897685      0.6595082    0.001490552     -0.1952897      0.0761721      -9.838681
       304       999.8521         0.4997      0.6676578  -2.619705e-06     -0.1947047  -0.0001316539      -9.808798
       305       1000.386      0.5106588      0.6703658  -0.0001723128     -0.1948287   -0.008728278      -9.815074
       306       1000.386      0.5189354      0.6751773    0.000172348     -0.1946283    0.008728278      -9.804926
       307       1000.014      0.5255308      0.6828576   2.917365e-06     -0.1947303   0.0001501457       -9.81009
       308       999.8042      0.5297442      0.6930481              0     -0.1947285              0          -9.81
       309       999.8042      0.5298442       0.703117  -1.026588e-08     -0.1947285              0          -9.81
       310       1001.235      0.5256929      0.7130645    0.001120516       -0.19409     0.05724053      -9.777382
       311       1000.976      0.5197266      0.7212132    -0.00053518     -0.1970742    -0.02607203      -9.931642
       312       1000.007      0.5097606      0.7261983   1.644887e-06     -0.1947289   8.336542e-05      -9.810021
       313       1000.007        0.50035      0.7285576  -1.650748e-06     -0.1947281  -8.336542e-05      -9.809979
       314       999.8186      0.4894393      0.7261482  -9.440775e-06     -0.1947449  -0.0004978738      -9.810844
       315       999.8126      0.4808164      0.7212889   4.853634e-06     -0.1947259   0.0002457779      -9.809868
       316       1000.151      0.4737194      0.7129581   1.640349e-05     -0.1946768    0.000829143      -9.807384
       317       1000.151      0.4708056      0.7037665  -1.639105e-05     -0.1947802   -0.000829143      -9.812616
       318       999.9457      0.4705558      0.6923481   3.286587e-07     -0.1947296   1.636818e-05      -9.810053
       319       1000.043      0.4741692      0.6833076   -3.46784e-06     -0.1947292  -0.0001778055      -9.810036
       320        999.963      0.4803664      0.6749763  -1.794603e-06     -0.1947249  -9.418169e-05      -9.809826
       321       999.8054      0.4899394      0.6695668   1.464707e-06     -0.1947287   7.398868e-05      -9.810009
       322       999.8072         0.5004      0.6783076   2.870975e-06     -0.1947278   0.0001443976      -9.809962
       323       999.8072           0.51      0.6808371  -2.859734e-06     -0.1947293  -0.0001443976      -9.810038
       324       1000.014      0.5172205      0.6878576  -2.972893e-06     -0.1947267  -0.0001501457       -9.80991
       325       999.8042        0.52045      0.6980576              0     -0.1947285              0          -9.81
       326       1001.235      0.5175084      0.7084007   -0.001120526      -0.195367    -0.05724053      -9.842618
       327       999.8042         0.5096      0.7154781  -9.426518e-10     -0.1947285              0          -9.81
       328       999.8042        0.49975      0.7184076   8.784226e-10     -0.1947285              0          -9.81
       329       999.8042        0.49005      0.7152281  -3.593263e-09     -0.1947285              0          -9.81
       330       999.8146      0.4824295      0.7076075  -8.881204e-07     -0.1947332  -4.446034e-05      -9.810235
       331       999.9194         0.4805      0.6979076   3.794355e-06     -0.1947303   0.0001915697      -9.810092
       332       1000.004      0.4825295      0.6883577   2.089921e-06     -0.1947206   0.0001054811      -9.809599
       333       999.8042         0.4898      0.6812371   -1.96351e-08     -0.1947285              0          -9.81
       334       1001.188        0.50025      0.6884421   -7.12972e-06     -0.1961788  -0.0003836814      -9.883917
       335       999.8544      0.5097114      0.6952673   8.056804e-05     -0.1947307    0.004107665      -9.810053
       336       1000.084      0.5056295      0.7059004   0.0001568451     -0.1944525    0.007941515      -9.795904
       337       999.9643       0.494621      0.7057995  -0.0001106482     -0.1945479   -0.005565322      -9.800835
       338       999.8067      0.4899894      0.6949674  -1.849251e-06     -0.1947282  -9.335789e-05      -9.809984
       339       1001.678      0.5002487      0.6978687   -0.000120429     -0.1937314   -0.006100176      -9.759291
